32
0 266 235
1 295 272
1 301 258
1 309 260
1 217 274
1 218 278
1 282 267
1 242 249
1 230 262
1 249 268
1 256 267
1 265 257
1 267 242
1 259 265
1 315 233
1 329 252
1 318 252
1 329 224
1 267 213
1 275 192
1 303 201
1 208 217
1 326 181
2 229 198
2 229 230
2 229 262
2 269 198
2 269 230
2 269 262
2 309 198
2 309 230
2 309 262
29
266 235
259 265
256 267
266 235
267 242
265 257
282 267
295 272
301 258
309 262
309 260
318 252
329 252
315 233
329 224
326 181
309 198
303 201
275 192
267 213
266 235
208 217
217 274
218 278
229 262
230 262
249 268
242 249
266 235
